
# Commodity Models
FUT_100001|1|10001|1
FUT_100002|1|10001|1
FUT_100003|1|10001|1
FUT_100004|1|10001|1
FUT_100005|1|10001|1
FUT_100006|1|10001|1
FUT_100007|1|10001|1
FUT_100008|1|10001|1
FUT_100009|1|10001|1
FUT_100010|1|10001|1
FUT_100011|1|10001|2
FUT_100012|1|10001|1
FUT_100013|1|10001|1
FUT_100014|1|10001|1
FUT_100015|1|10001|2
FUT_100016|1|10001|1
FUT_100017|1|10001|1
FUT_100018|1|10001|1
FUT_100019|1|10001|1
FUT_100020|1|10001|1
FUT_100021|1|10001|1
FUT_100022|1|10001|1
FUT_100023|1|10001|1
FUT_100024|1|10001|1
FUT_100025|1|10001|2
FUT_100026|1|10001|1
FUT_100027|1|10001|2
FUT_100028|1|10001|1
FUT_100029|1|10001|1
FUT_100030|1|10001|1
FUT_100031|1|10001|1
FUT_100032|1|10001|1
FUT_100033|1|10001|1
FUT_100034|1|10001|1
FUT_100035|1|10001|1
