
# Commodity Models
FUT_100002|5013|5393|10001
FUT_100020|5014|5412|10001
FUT_100020|5015|5431|10001
FUT_100010|5016|5441|10001
FUT_100026|5017|5463|10001
FUT_100026|5018|5485|10001
FUT_100026|5019|5507|10001
FUT_100023|5020|5523|10001
FUT_100023|5021|5536|10001
FUT_100035|5050|6388|10001
FUT_100035|5051|6401|10001
FUT_100033|5052|6405|10001
FUT_100006|5022|5552|10001
FUT_100006|5023|5568|10001
FUT_100032|5053|6409|10001
FUT_100031|5055|6483|10001
FUT_100031|5056|6493|10001
FUT_100008|5024|23|10001
FUT_100022|5024|5578|10001
FUT_100008|5025|5588|10001
FUT_100022|5025|5598|10001
FUT_100008|5026|5608|10001
FUT_100022|5026|5618|10001
FUT_100008|5027|5628|10001
FUT_100022|5027|5638|10001
FUT_100008|5028|5648|10001
FUT_100022|5028|5658|10001
FUT_100021|5029|5665|10001
FUT_100021|5030|5672|10001
FUT_100018|5031|5676|10001
FUT_100019|5032|5680|10001
FUT_100029|5057|6503|10001
FUT_100029|5058|6513|10001
FUT_100028|5033|5693|10001
FUT_100001|5034|5709|10001
FUT_100001|5035|5725|10001
FUT_100007|5036|5741|10001
FUT_100007|5037|5757|10001
FUT_100030|5059|6526|10001
FUT_100030|5060|6539|10001
FUT_100014|5038|5764|10001
FUT_100014|5039|5771|10001
FUT_100003|5040|5784|10001
FUT_100003|5041|5797|10001
FUT_100017|5054|6413|10001
FUT_100011|5024|6070|10001
FUT_100011|5042|6092|10001
FUT_100011|5043|6114|10001
FUT_100025|5024|6136|10001
FUT_100025|5044|6158|10001
FUT_100025|5045|6180|10001
FUT_100015|5024|6190|10001
FUT_100015|5025|6200|10001
FUT_100015|5026|6210|10001
FUT_100015|5027|6220|10001
FUT_100015|5028|6230|10001
FUT_100027|5024|6252|10001
FUT_100027|5046|6274|10001
FUT_100027|5047|6296|10001
FUT_100033|336|1|10001
FUT_100021|336|1|10001
FUT_100007|336|1|10001
FUT_100035|336|1|10001
FUT_100031|336|1|10001
FUT_100027|336|1|10001
FUT_100019|336|1|10001
FUT_100012|336|1|10001
FUT_100005|336|1|10001
FUT_100022|336|1|10001
FUT_100020|336|1|10001
FUT_100009|336|1|10001
FUT_100006|336|1|10001
FUT_100002|336|1|10001
FUT_100010|312|1|10001
FUT_100034|336|1|10001
FUT_100032|336|1|10001
FUT_100018|336|1|10001
FUT_100003|336|1|10001
FUT_100028|336|1|10001
FUT_100001|336|1|10001
FUT_100029|336|1|10001
FUT_100026|336|1|10001
FUT_100013|304|1|10001
FUT_100025|336|1|10001
FUT_100016|336|1|10001
FUT_100015|336|1|10001
FUT_100014|336|1|10001
FUT_100011|336|1|10001
FUT_100008|336|1|10001
FUT_100004|336|1|10001
FUT_100030|336|1|10001
FUT_100024|336|1|10001
FUT_100023|336|1|10001
FUT_100017|336|1|10001
FUT_100002|5012|5377|10001
FUT_100034|5048|6371|10001
FUT_100034|5049|6375|10001
FUT_100013|5000|5214|10001
FUT_100013|5001|5233|10001
FUT_100004|5002|5237|10001
FUT_100004|5003|5241|10001
FUT_100005|5004|5251|10001
FUT_100005|5005|5258|10001
FUT_100009|5006|5268|10001
FUT_100009|5007|5275|10001
FUT_100012|5008|5288|10001
FUT_100012|5009|5295|10001
FUT_100016|5010|5305|10001
FUT_100024|5010|5315|10001
FUT_100016|5011|5325|10001
FUT_100024|5011|5335|10001
